4
45
44
60
67
71
20
38
66
87
30
60
23
64
15
35
44
64
16
52
79
33
63
4
47
81
54
33
51
35
86
16
18
43
66
3
13
93
35
83
31
4
41
99
80
28
12
49
74
96
51
40
83
65
45
76
5
7
36
62
86
2
15
2
91
72
24
1
95
33
56
89
29
49
87
68
31
21
58
70
8
0
95
29
61
62
14
17
15
17
63
28
0
47
99
17
79
40
85
90
63
14
25
3
44
98
70
55
91
37
30
50
39
87
55
41
20
39
63
94
0
83
10
21
21
68
94
74
47
5
2
63
79
1
28
24
12
55
49
29
66
26
98
84
10
22
76
29
40
40
1
68
24
10
36
84
87
43
40
80
73
20
69
20
65
81
24
52
5
51
13
70
70
76
90
10
82
75
43
1
37
31
58
30
45
73
75
27
94
39
70
27
37
18
18
50
97
60
9
5
6
91
93
83
38
26
37
85
1
85
56
77
57
22
21
77
36
26
56
98
71
58
19
91
96
88
59
47
71
73
24
50
71
75
52
33
74
85
21
38
98
92
36
25
53
5
64
50
73
67
12
85
63
98
81
42
69
79
30
58
62
48
21
18
52
19
2
99
64
50
61
89
99
23
68
70
67
62
20
33
41
12
19
90
77
80
22
67
53
4
84
37
69
81
36
27
57
57
59
78
42
90
39
73
79
97
58
60
79
61
79
57
68
37
51
41
3
5
66
57
70
1
50
11
78
81
19
51
6
9
11
32
43
80
16
67
35
4
15
85
0
73
83
25
72
40
7
82
4
13
32
3
21
94
63
82
68
22
8
26
28
84
10
75
70
67
19
62
94
10
9
51
40
35
99
57
21
74
89
39
93
7
48
46
72
78
82
93
54
0
2
24
26
97
43
99
5
72
88
64
42
86
58
6
42
47
32
69
62
93
13
93
48
85
60
48
59
54
68
95
40
59
77
57
34
46
34
90
88
59
30
20
46
86
25
78
92
11
49
62
77
3
60
97
86
54
74
56
39
49
64
81
11
41
69
0
36
0
15
84
49
1
1
83
13
17
88
39
96
52
59
65
44
1
25
84
3
6
12
60
92
48
20
68
55
60
6
37
82
43
86
67
53
32
6
64
56
35
3
94
14
36
8
75
19
16
36
83
86
5
65
56
10
5
49
17
98
61
73
72
34
77
59
68
18
32
88
44
3
18
10
52
50
81
60
47
45
88
38
55
60
82
46
95
22
57
66
4
44
29
93
46
29
20
83
14
2
38
31
55
18
97
69
18
16
53
30
2
14
7
69
72
56
67
64
77
36
28
7
69
26
3
55
53
71
91
38
79
6
71
78
74
11
46
12
31
84
28
80
92
92
25
54
22
99
22
56
64
15
35
47
44
27
51
11
13
88
23
43
76
6
79
12
9
65
74
29
19
24
24
93
27
85
72
71
13
2
14
29
27
55
21
73
23
30
72
10
16
17
48
7
63
26
69
34
78
53
84
16
46
18
82
51
96
54
87
85
91
86
61
0
41
10
80
1
45
77
84
61
34
97
99
90
35
11
56
69
23
23
34
47
89
26
35
45
9
48
33
74
58
32
89
25
26
92
30
65
32
46
48
17
63
31
40
0
52
19
27
66
87
97
97
98
76
78
14
33
15
66
38
63
92
61
66
43
17
23
45
37
31
41
35
42
71
28
8
20
11
71
16
53
50
54
88
13
97
43
9
98
15
31
13
44
72
80
8
25
23
34
80
90
99
48
82
45
7
57
34
23
38
42
54
70
4
49
19
8
76
53
67
76
11
87
95
32
41
97
18
59
39
17
31
52
94
9
40
90
94
58
96
34
86
7
95
2
48
98
31
87
44
45
96
14
27
23
89
58
96
96
3
65
43
66
65
25
85
52
50
49
36
82
80
59
71
29
70
61
91
58
37
87
95
74
84
9
14
39
61
27
68
49
9
6
8
94
16
33
88
90
54
12
37
17
75
51
62
72
96
78
87
42
95
52
65
15
94
24
93
28
59
50
67
29
39
75
4
81
89
91
33
91
42
83
78
76
79
99
5
16
38
75
86
95
66
14
81
74
25
83
12
98
41
26
41
82
89
22
46
81
32
42
77
95
7
8
19
89
54
4
62
65
22
93
21
8
92
20
78
6
0
27
57
73
38
30
55
47
73
28
89
75
24
80
75
47
9
7
8
61
13
90
42
33
51
53
34
28
77
30
91
64
76
96
32
92
46
88
55
62
56
22
15
12
11
2
45
92
44
76
53
