4
34
25
60
67
71
20
38
66
87
30
83
23
64
15
35
44
64
16
52
79
33
70
4
47
81
54
24
51
35
86
16
18
43
66
3
13
93
35
83
31
4
41
99
80
87
12
49
74
96
51
16
83
65
1
76
5
7
36
62
86
2
70
2
91
72
36
30
95
36
7
89
29
51
79
68
31
21
58
70
8
0
95
29
61
62
36
17
15
17
63
28
29
47
99
17
85
40
85
90
63
23
25
40
44
98
70
55
91
37
30
51
41
87
55
41
75
94
63
94
29
83
10
21
19
68
94
74
47
11
2
63
79
1
28
30
12
55
49
29
66
26
98
84
10
22
76
29
40
40
1
68
33
10
36
84
87
43
40
80
73
67
69
20
65
81
33
52
78
51
13
70
70
76
90
41
82
75
43
23
37
42
58
36
1
73
75
27
94
39
70
82
37
18
18
47
97
60
9
5
6
91
93
83
38
26
37
91
34
79
56
77
76
22
21
77
1
26
56
98
71
58
21
88
96
85
59
47
71
73
24
50
71
75
52
33
74
85
76
5
98
92
24
25
53
5
64
50
73
17
12
88
63
98
81
42
69
79
30
58
62
48
21
18
52
19
2
99
64
50
61
55
99
4
68
70
67
62
20
30
41
11
19
90
77
80
22
11
53
4
84
37
69
81
24
27
57
57
59
78
42
90
39
73
79
97
58
60
79
61
79
57
68
37
51
41
3
78
66
57
70
45
47
11
5
81
19
51
6
9
78
32
43
80
16
67
35
4
2
79
4
73
83
3
72
95
7
82
4
38
32
3
21
94
63
82
68
22
56
26
41
84
10
75
70
67
19
62
94
41
9
51
95
35
99
57
21
74
89
39
93
7
48
46
72
78
82
93
54
29
2
85
26
97
43
99
5
72
85
64
42
86
58
6
42
47
32
69
62
93
13
93
48
85
60
48
59
54
68
95
95
59
77
85
1
46
34
90
91
59
33
20
46
86
25
78
92
11
49
62
77
3
60
65
86
54
74
56
94
49
64
81
11
41
69
0
33
7
15
84
59
1
1
83
13
17
88
39
96
52
59
65
44
14
25
57
3
47
12
60
92
48
20
68
55
60
6
37
82
43
86
67
53
32
30
64
53
35
3
94
14
36
7
75
19
16
36
83
52
5
65
56
10
5
50
17
98
61
73
72
1
77
79
68
18
32
88
99
3
18
10
52
50
26
60
47
45
88
38
55
60
81
46
95
22
57
66
4
44
0
93
46
0
20
83
30
2
38
31
55
18
97
69
18
16
53
24
2
6
7
69
72
56
67
64
93
30
67
7
69
26
3
55
53
71
91
93
79
33
71
78
74
11
46
12
31
84
67
80
92
92
25
54
22
99
22
56
64
15
35
47
44
27
69
11
13
85
33
43
76
6
79
12
9
65
74
0
37
43
24
93
27
79
72
48
13
2
14
2
27
55
2
73
23
33
72
10
16
17
48
7
63
27
69
34
78
53
84
16
46
18
82
51
96
54
87
91
88
86
61
4
41
43
80
24
34
77
84
61
1
97
99
90
35
11
10
69
23
23
34
47
89
26
35
34
9
48
30
74
58
32
89
21
26
92
33
65
32
46
48
17
63
31
40
34
52
19
82
66
87
97
97
79
76
5
6
30
15
66
93
63
92
61
66
98
17
23
24
37
42
41
35
14
71
28
8
75
11
71
16
53
50
54
88
13
97
43
9
98
11
31
13
44
72
80
8
25
45
34
80
90
99
48
82
1
7
57
14
4
18
42
54
70
4
49
19
8
76
53
8
76
11
87
95
32
41
97
18
59
39
17
31
52
94
9
40
90
94
58
96
45
86
7
95
2
48
98
31
87
44
4
96
36
27
4
18
58
96
96
3
65
29
66
65
25
91
52
50
49
24
82
80
59
16
84
70
61
91
58
37
87
95
74
84
9
4
39
61
27
68
49
9
6
8
94
16
36
88
90
54
12
37
21
75
51
62
72
96
78
87
42
95
52
65
15
94
33
93
28
59
50
10
0
39
75
4
81
89
88
30
24
42
83
78
76
79
99
5
67
38
75
86
95
66
14
81
74
80
83
12
98
41
26
67
82
89
22
46
81
32
42
77
95
7
8
19
89
54
4
62
65
22
93
4
8
92
20
78
61
29
27
57
73
93
30
55
47
87
28
89
75
21
80
75
47
16
7
8
61
68
90
42
24
51
53
45
28
77
24
88
64
76
96
32
92
46
88
55
62
56
22
15
12
11
2
14
92
44
76
53
